time: 0.8450934886932373
time: 0.875084400177002
