time: 0.07790923118591309
time: 0.06917095184326172
